[gd_scene load_steps=12 format=3 uid="uid://cq17bbmth6prx"]

[ext_resource type="Script" path="res://CharacterBody3D.gd" id="1_6x3kp"]
[ext_resource type="PackedScene" uid="uid://7glpxcvnvy1k" path="res://player_17_4.glb" id="2_d45es"]
[ext_resource type="PackedScene" uid="uid://du7nhtt03wj6b" path="res://home.tscn" id="2_otg6i"]
[ext_resource type="PackedScene" uid="uid://cc1wyb5edh14l" path="res://cottage_blender.glb" id="4_ip0ge"]

[sub_resource type="ProceduralSkyMaterial" id="ProceduralSkyMaterial_5l321"]
sky_horizon_color = Color(0.64625, 0.65575, 0.67075, 1)
ground_horizon_color = Color(0.64625, 0.65575, 0.67075, 1)

[sub_resource type="Sky" id="Sky_7jmyi"]
sky_material = SubResource("ProceduralSkyMaterial_5l321")

[sub_resource type="Environment" id="Environment_wxcq4"]
background_mode = 2
sky = SubResource("Sky_7jmyi")
tonemap_mode = 2

[sub_resource type="BoxMesh" id="BoxMesh_q2c85"]
size = Vector3(100, 1, 100)

[sub_resource type="Skin" id="Skin_qslu7"]

[sub_resource type="BoxShape3D" id="BoxShape3D_qdqwd"]
size = Vector3(397.677, 1.66513, 422.84)

[sub_resource type="CapsuleShape3D" id="CapsuleShape3D_7nnha"]
radius = 2.23441
height = 4.46882

[node name="Node3D" type="Node3D"]
transform = Transform3D(0.0777979, 0, -0.996969, 0, 1, 0, 0.996969, 0, 0.0777979, 0, 0, 0)

[node name="WorldEnvironment" type="WorldEnvironment" parent="."]
environment = SubResource("Environment_wxcq4")

[node name="DirectionalLight3D" type="DirectionalLight3D" parent="."]
transform = Transform3D(-0.866023, -0.433016, 0.250001, 0, 0.499998, 0.866027, -0.500003, 0.749999, -0.43301, 0, 0, 0)
shadow_enabled = true

[node name="StaticBody3D" type="StaticBody3D" parent="."]
transform = Transform3D(-0.0238912, 0, -0.999715, 0, 1, 0, 0.999715, 0, -0.0238912, 0, 0, 0)

[node name="MeshInstance3D" type="MeshInstance3D" parent="StaticBody3D"]
transform = Transform3D(1, -0.000667667, 4.11272e-06, 0.000667667, 0.999923, -0.012356, 4.12017e-06, 0.012356, 0.999923, -0.0150756, 0, -0.000814613)
mesh = SubResource("BoxMesh_q2c85")
skin = SubResource("Skin_qslu7")

[node name="CollisionShape3D" type="CollisionShape3D" parent="StaticBody3D"]
transform = Transform3D(1, 0, 0, 0, 1, 0, 0, 0, 1, 1.05001, -2.86102e-06, -19.4318)
shape = SubResource("BoxShape3D_qdqwd")

[node name="CharacterBody3D" type="CharacterBody3D" parent="."]
transform = Transform3D(1, 0, -3.72529e-08, 0, 1, 0, 3.72529e-08, 0, 1, 2.99467, 11.6233, -1.27187)
script = ExtResource("1_6x3kp")

[node name="CollisionShape3D" type="CollisionShape3D" parent="CharacterBody3D"]
transform = Transform3D(1, 0, -5.96046e-08, 0, 1, 0, 5.96046e-08, 0, 1, -0.203641, 3.63441, 1.17754)
shape = SubResource("CapsuleShape3D_7nnha")

[node name="Camera3D" type="Camera3D" parent="CharacterBody3D"]
transform = Transform3D(0.0803453, -0.472893, 0.877449, 0.0122203, 0.880696, 0.473524, -0.996692, -0.0273228, 0.0765387, 2.2671, 8.49456, 1.39543)

[node name="player_17_4" parent="CharacterBody3D" instance=ExtResource("2_d45es")]
transform = Transform3D(-0.997571, 0, 0.0696868, 0, 1, 0, -0.0696868, 0, -0.997571, 0.178143, 3.88005, 1.32036)

[node name="Skeleton3D" parent="CharacterBody3D/player_17_4/Armature_001" index="0"]
bones/1/rotation = Quaternion(0.931091, 0.004396, 0.359891, 0.0594128)
bones/3/rotation = Quaternion(0.930375, -0.0367992, 0.361736, -0.0468505)
bones/5/position = Vector3(0.691287, -0.476168, 0.352782)
bones/5/rotation = Quaternion(0.66486, 0.650049, 0.26536, -0.254914)
bones/6/position = Vector3(0.851084, -0.33842, -0.035563)
bones/6/rotation = Quaternion(0.63362, 0.713548, 0.27934, -0.10651)
bones/7/position = Vector3(0.985481, -0.0992532, 0.225992)
bones/7/rotation = Quaternion(0.618923, 0.78481, -0.0249155, -0.0196492)

[node name="Cube" parent="CharacterBody3D/player_17_4/Armature_001/Skeleton3D" index="0"]
transform = Transform3D(-0.227902, -0.00659755, 1.16415e-09, -0.0251562, 0.0597704, -2.96859e-09, 9.31323e-10, 3.28873e-09, 0.054997, 1.32186, -0.272989, 0.165875)
bone_idx = 8

[node name="RayCast3D" type="RayCast3D" parent="CharacterBody3D"]
transform = Transform3D(-0.189677, 0.977448, -0.0928358, -0.977448, -0.196922, -0.0762745, -0.0928357, 0.0762746, 0.992756, -1.65381, 3.41266, 1.14956)

[node name="home" parent="." instance=ExtResource("2_otg6i")]
transform = Transform3D(1, 0, -7.45058e-09, 0, 1, 0, 7.45058e-09, 0, 1, -8.96252, 1.66317, -3.92092)

[node name="cottage_blender" parent="." instance=ExtResource("4_ip0ge")]
transform = Transform3D(1, 0, -8.19564e-08, 0, 1, 0, 8.19564e-08, 0, 1, -0.382361, -1.67563, -42.5204)

[node name="cottage_blender2" parent="." instance=ExtResource("4_ip0ge")]
transform = Transform3D(1, 0, -2.08616e-07, 0, 1, 0, 2.08616e-07, 0, 1, 44.8158, -0.929483, -43.4772)

[node name="cottage_blender3" parent="." instance=ExtResource("4_ip0ge")]
transform = Transform3D(1, 0, -1.11759e-07, 0, 1, 0, 1.11759e-07, 0, 1, 29.5814, -1.23742, -43.3695)

[node name="cottage_blender4" parent="." instance=ExtResource("4_ip0ge")]
transform = Transform3D(1, 0, -1.2666e-07, 0, 1, 0, 1.2666e-07, 0, 1, 13.8827, -1.66239, -42.6065)

[node name="cottage_blender5" parent="." instance=ExtResource("4_ip0ge")]
transform = Transform3D(1, 0, -1.3411e-07, 0, 1, 0, 1.3411e-07, 0, 1, -14.982, -1.87341, -42.4239)

[node name="cottage_blender6" parent="." instance=ExtResource("4_ip0ge")]
transform = Transform3D(1, 0, -5.96046e-08, 0, 1, 0, 5.96046e-08, 0, 1, -28.9877, -1.65718, -42.3516)

[node name="cottage_blender7" parent="." instance=ExtResource("4_ip0ge")]
transform = Transform3D(1, 0, -3.72529e-08, 0, 1, 0, 3.72529e-08, 0, 1, 45.2648, -1.08058, -27.2481)

[node name="cottage_blender8" parent="." instance=ExtResource("4_ip0ge")]
transform = Transform3D(1, 0, -5.96046e-08, 0, 1, 0, 5.96046e-08, 0, 1, 30.784, -1.53959, -25.9812)

[node name="cottage_blender9" parent="." instance=ExtResource("4_ip0ge")]
transform = Transform3D(1, 0, -9.68575e-08, 0, 1, 0, 9.68575e-08, 0, 1, 16.7204, -1.27627, -25.2153)

[node name="cottage_blender10" parent="." instance=ExtResource("4_ip0ge")]
transform = Transform3D(1, 0, -8.9407e-08, 0, 1, 0, 8.9407e-08, 0, 1, 3.15555, -1.15747, -24.7757)

[node name="cottage_blender11" parent="." instance=ExtResource("4_ip0ge")]
transform = Transform3D(1, 0, -5.96046e-08, 0, 1, 0, 5.96046e-08, 0, 1, -11.0533, -1.7101, -23.4822)

[node name="cottage_blender12" parent="." instance=ExtResource("4_ip0ge")]
transform = Transform3D(1, 0, -8.9407e-08, 0, 1, 0, 8.9407e-08, 0, 1, -25.2286, -1.42917, -21.7367)

[node name="cottage_blender13" parent="." instance=ExtResource("4_ip0ge")]
transform = Transform3D(0.0499655, 0, 0.998751, 0, 1, 0, -0.998751, 0, 0.0499655, -42.8141, -1.65548, -29.5651)

[editable path="CharacterBody3D/player_17_4"]
